2
21
53
64
78
84
131
148
183
269
291
311
335
363
364
375
401
404
426
448
462
518
572
591
594
599
601
611
615
617
648
655
660
677
685
693
737
780
797
810
824
858
862
871
879
906
948
969
980
984
999
1010
1042
1045
1091
1099
1146
1164
1168
1171
1190
1195
1198
1206
1219
1234
1237
1270
1295
1303
1304
1332
1404
1417
1427
1433
1468
1504
1540
1585
1590
1626
1658
1686
1726
1754
1764
1783
1798
1814
1840
1873
1934
1958
1962
1981
1995
2005
2033
2054
2080
2094
2123
2128
2138
2140
2147
2158
2160
2191
2213
2238
2247
2261
2262
2304
2314
2363
2384
2391
2403
2410
2430
2480
2493
2500
2519
2526
2537
2550
2572
2583
2606
2635
2639
2696
2721
2743
2768
2780
2805
2807
2828
2845
2889
2910
2916
2958
2968
2979
3011
3017
3043
3061
3087
3097
3111
3125
3184
3207
3213
3214
3229
3265
3318
3330
3362
3417
3498
3519
3520
3558
3565
3629
3682
3740
3745
3754
3759
3768
3777
3800
3816
3838
3848
3867
3870
3931
3942
3950
3957
3959
4004
4034
4076
4102
4132
4135
4169
4176
4186
4216
4238
4257
4262
4308
4309
4316
4332
4364
4366
4393
4400
4410
4416
4454
4458
4500
4538
4578
4621
4628
4642
4648
4727
4738
4771
4772
4814
4819
4859
4883
4889
4891
4918
4938
4962
5008
5016
5035
5133
5146
5166
5168
5240
5247
5259
5270
5314
5316
5355
5405
5424
5474
5504
5572
5609
5617
5624
5628
5639
5682
5695
5710
5719
5729
5744
5749
5782
5789
5815
5901
5910
5918
5929
5931
5984
5994
5995
6019
6033
6051
6074
6092
6104
6109
6123
6133
6145
6162
6192
6267
6277
6288
6341
6347
6360
6375
6407
6506
6533
6537
6574
6577
6582
6586
6591
6615
6661
6682
6710
6713
6725
6775
6779
6787
6812
6852
6880
6932
6953
6967
6981
6991
7000
7007
7034
7038
7076
7089
7106
7107
7138
7139
7149
7153
7157
7161
7162
7208
7230
7239
7265
7289
7307
7336
7343
7451
7470
7475
7513
7568
7580
7656
7666
7674
7718
7772
7777
7798
7815
7825
7828
7844
7847
7874
7877
7894
7993
8003
8005
8013
8020
8028
8089
8098
8099
8147
8193
8254
8256
8262
8267
8272
8288
8294
8316
8320
8326
8400
8421
8484
8500
8527
8555
8560
8567
8572
8690
8710
8780
8783
8846
8934
8936
8973
8976
9006
9020
9023
9033
9062
9122
9143
9157
9177
9184
9206
9222
9243
9257
9263
9270
9282
9286
9288
9290
9294
9297
9313
9339
9340
9357
9369
9394
9395
9408
9421
9441
9451
9458
9459
9469
9472
9486
9488
9490
9541
9584
9585
9612
9636
9643
9656
9661
9688
9707
9713
9750
9778
9779
9788
9814
9821
9826
9827
9876
9903
9936
9942
9943
9959
9967
10011
10021
10039
10104
10122
10141
10162
10166
10219
10229
10243
10245
10309
10333
10361
10364
10379
10387
10404
10418
10424
10447
10461
10464
10484
10500
10514
10560
10581
10585
10625
10635
10646
10650
10655
10671
10677
10720
10735
10737
10754
10783
10875
10878
10880
10904
10914
10931
10954
10955
10963
10994
11003
11021
11030
11039
11049
11088
11138
11161
11231
11251
11266
11306
11320
11334
11361
11370
11398
11417
11427
11475
11492
11540
11573
11606
11613
11640
11642
11655
11730
11750
11788
11798
11807
11833
11840
11845
11853
11877
11886
11923
11925
11927
11941
11948
11964
11994
11997
12054
12062
12080
12094
12120
12123
12124
12130
12141
12159
12172
12222
12225
12241
12259
12261
12277
12285
12311
12313
12329
12350
12356
12358
12440
12446
12456
12465
12513
12531
12538
12548
12566
12570
12594
12648
12663
12672
12675
12722
12729
12739
12756
12757
12758
12774
12796
12852
12855
12935
12953
12959
13059
13064
13076
13081
13096
13107
13130
13151
13160
13173
13195
13202
13213
13216
13232
13250
13252
13298
13316
13354
13355
13378
13395
13538
13547
13589
13672
13677
13708
13747
13759
13763
13769
13776
13825
13864
13866
13872
13873
13875
13921
13926
13934
13957
14037
14083
14100
14111
14230
14250
14287
14311
14324
14327
14369
14429
14440
14457
14476
14508
14544
14554
14575
14640
14670
14720
14735
14780
14800
14850
14855
14859
14868
14869
14870
14881
14884
14909
14954
14978
15013
15027
15036
15053
15071
15074
15143
15146
15216
15246
15251
15257
15261
15289
15332
15334
15337
15344
15356
15373
15418
15462
15469
15474
15521
15558
15566
15570
15576
15579
15609
15645
15655
15663
15671
15676
15679
15764
15765
15790
15792
15800
15815
15881
15923
16010
16014
16024
16055
16137
16147
16149
16171
16181
16259
16356
16357
16388
16394
16403
16407
16416
16426
16530
16568
16600
16603
16611
16617
16623
16694
16710
16747
16748
16751
16767
16854
16872
16906
16911
16917
16931
16940
16947
16952
17010
17027
17047
17059
17062
17097
17099
17109
17120
17126
17136
17147
17166
17186
17196
17202
17215
17232
17235
17340
17343
17347
17388
17404
17413
17423
17424
17430
17548
17560
17593
17610
17628
17642
17668
17674
17696
17704
17720
17730
17746
17768
17775
17808
17847
17891
17908
17921
17925
17993
18058
18070
18074
18085
18112
18122
18255
18305
18308
18331
18334
18462
18506
18526
18568
18603
18609
18632
18665
18696
18712
18720
18744
18747
18755
18763
18779
18782
18811
18813
18818
18833
18852
18856
18862
18933
18950
18951
18967
18969
18977
18992
19023
19024
19029
19052
19089
19126
19137
19147
19178
19192
19228
19230
19263
19311
19323
19359
19382
19390
19411
19413
19431
19444
19480
19492
19497
19499
19506
19559
19631
19645
19721
19755
19792
19799
19836
19840
19849
19857
19870
19895
19911
19959
19966
19983
19986
20018
20040
20060
20061
20108
20177
20196
20205
20282
20283
20305
20307
20314
20328
20346
20373
20405
20424
20439
20453
20457
20496
20502
20503
20505
20525
20540
20557
20561
20587
20595
20660
20666
20723
20734
20795
20808
20846
20854
20865
20891
20933
20954
20966
20974
20995
21006
21019
21024
21030
21039
21081
21082
21099
21127
21136
21169
21173
21177
21191
21194
21209
21242
21256
21258
21262
21278
21306
21382
21412
21415
21443
21452
21491
21567
21585
21590
21609
21634
21647
21659
21675
21692
21743
21811
21828
21836
21841
21843
21852
21893
21896
21930
21970
21988
21998
22030
22085
22098
22149
22206
22219
22224
22241
22243
22251
22278
22282
22296
22317
22320
22335
22346
22369
22378
22383
22385
22406
22424
22430
22441
22454
22456
22520
22560
22598
22602
22649
22655
22675
22684
22686
22710
22741
22744
22752
22756
22767
22770
22804
22828
22880
22892
22910
22916
22941
22950
22951
22954
22963
22966
23033
23035
23068
23103
23131
23157
23160
23179
23204
23224
23227
23282
23308
23320
23377
23378
23388
23396
23412
23425
23436
23463
23467
23469
23471
23490
23520
23621
23630
23639
23640
23650
23670
23684
23697
23751
23755
23762
23796
23801
23815
23829
23831
23833
23849
23852
23855
23886
23893
23923
23996
24032
24043
24087
24093
24106
24140
24143
24151
24158
24194
24212
24297
24312
24319
24331
24350
24368
24382
24446
24453
24508
24532
24536
24577
24580
24586
24592
24593
24624
24641
24648
24654
24667
24708
24721
24725
24754
24770
24811
24830
24887
24898
24910
24978
25064
25088
25164
25171
25173
25188
25219
25222
25232
25233
25240
25276
25279
25281
25409
25426
25446
25470
25485
25492
25501
25512
25521
25542
25544
25552
25567
25568
25601
25650
25661
25662
25709
25713
25717
25765
25793
25844
25852
25882
25931
25939
25957
25991
26010
26022
26068
26070
26091
26111
26117
26126
26151
26167
26212
26230
26232
26255
26263
26273
26280
26287
26295
26316
26322
26344
26354
26389
26413
26458
26473
26487
26550
26567
26591
26605
26616
26629
26741
26758
26763
26764
26813
26847
26884
26937
26974
26984
26985
27011
27013
27019
27033
27045
27083
27124
27169
27173
27191
27194
27246
27298
27324
27346
27367
27376
27378
27416
27498
27503
27509
27512
27531
27561
27585
27586
27588
27609
27619
27626
27642
27643
27663
27688
27692
27710
27711
27715
27736
27737
27747
27813
27830
27835
27864
27884
27897
27919
27935
27940
27954
27963
27995
28071
28076
28098
28100
28105
28148
28152
28208
28228
28233
28259
28267
28269
28281
28290
28388
28430
28431
28438
28459
28542
28582
28642
28646
28685
28697
28744
28772
28789
28842
28845
28910
28922
28939
28969
28977
29006
29029
29049
29053
29060
29088
29099
29123
29124
29134
29156
29190
29229
29237
29238
29284
29312
29320
29341
29383
29422
29453
29458
29499
29517
29539
29571
29603
29654
29697
29714
29740
29785
29788
29809
29843
29874
29886
29895
29926
29938
29947
29958
29967
29983
30000
30012
30015
30027
30037
30070
30112
30122
30128
30129
30189
30199
30214
30218
30231
30238
30248
30310
30323
30333
30337
30365
30373
30383
30384
30416
30459
30503
30508
30522
30564
30575
30577
30579
30586
30612
30616
30625
30633
30680
30695
30730
30741
30749
30829
30848
30884
30900
30937
30951
30964
31026
31039
31098
31107
31110
31126
31195
31206
31211
31239
31260
31268
31319
31338
31360
31364
31380
31395
31411
31413
31421
31443
31487
31492
31508
31535
31578
31584
31593
31603
31640
31646
31650
31652
31690
31704
31722
31736
31764
31787
31813
31816
31822
31834
31899
31936
32008
32094
32108
32109
32127
32136
32144
32203
32240
32264
32266
32281
32324
32346
32371
32384
32391
32397
32405
32415
32419
32428
32459
32465
32539
32613
32645
32673
32679
32683
32705
32712
32713
32736
32742
32764
32770
32797
32802
32808
32811
32862
32914
32923
32933
32953
32991
33026
33032
33037
33077
33084
33167
33195
33198
33214
33232
33243
33288
33341
33387
33397
33419
33465
33473
33510
33512
33540
33561
33566
33595
33597
33599
33618
33628
33630
33653
33673
33733
33783
33814
33819
33830
33843
33861
33864
33896
33901
33932
33938
33962
33996
34096
34104
34118
34135
34183
34203
34207
34286
34291
34294
34308
34318
34327
34353
34366
34385
34441
34445
34470
34524
34550
34559
34583
34629
34713
34718
34727
34764
34765
34831
34851
34925
34929
34934
34937
35017
35094
35100
35116
35122
35134
35146
35147
35149
35150
35152
35197
35231
35300
35303
35365
35367
35372
35376
35396
35398
35412
35443
35513
35519
35533
35546
35567
35596
35608
35613
35618
35643
35654
35696
35717
35724
35786
35824
35859
35869
35876
35914
35924
35929
35942
35983
35988
35995
36002
36007
36015
36043
36052
36061
36068
36163
36165
36174
36182
36185
36207
36258
36263
36269
36276
36291
36300
36315
36319
36331
36332
36366
36382
36396
36404
36420
36441
36442
36448
36458
36506
36536
36539
36569
36581
36618
36625
36655
36659
36664
36670
36671
36686
36688
36716
36732
36733
36750
36800
36812
36821
36841
36895
36903
36924
36961
36964
37016
37034
37064
37083
37085
37090
37091
37162
37171
37177
37195
37200
37218
37243
37306
37370
37375
37377
37383
37392
37398
37408
37436
37440
37442
37490
37495
37502
37515
37524
37545
37568
37582
37594
37635
37647
37650
37653
37659
37695
37730
37735
37743
37766
37780
37839
37843
37855
37882
37897
37916
37936
37937
37981
38009
38046
38071
38084
38090
38106
38113
38133
38135
38179
38212
38222
38232
38266
38267
38274
38297
38307
38355
38370
38378
38381
38385
38413
38415
38417
38419
38483
38486
38506
38519
38551
38571
38582
38598
38629
38635
38674
38688
38696
38711
38715
38718
38800
38826
38880
38885
38913
38914
38947
38972
38973
38978
38982
39022
39033
39045
39049
39093
39098
39124
39136
39147
39172
39183
39218
39223
39224
39274
39287
39289
39311
39321
39339
39354
39358
39415
39428
39446
39453
39475
39498
39517
39540
39551
39567
39569
39582
39640
39646
39687
39728
39731
39769
39782
39791
39819
39845
39851
39854
39859
39863
39892
39894
39918
39935
39998
40024
40038
40060
40063
40064
40105
40124
40148
40149
40189
40199
40204
40211
40220
40232
40268
40311
40350
40361
40371
40390
40401
40425
40440
40446
40472
40495
40565
40584
40611
40641
40661
40676
40682
40695
40704
40727
40748
40753
40760
40763
40781
40811
40816
40825
40833
40843
40874
40901
40905
40932
40943
40960
41002
41023
41046
41054
41067
41158
41203
41210
41213
41218
41232
41233
41236
41280
41300
41363
41394
41442
41474
41475
41492
41537
41568
41577
41585
41602
41613
41645
41659
41698
41699
41700
41713
41723
41736
41775
41787
41810
41818
41831
41855
41856
41866
41872
41879
41892
41898
41931
41934
41948
42007
42070
42082
42085
42142
42167
42209
42210
42214
42216
42230
42254
42285
42295
42296
42368
42389
42433
42442
42454
42476
42502
42531
42534
42547
42551
42636
42679
42705
42740
42829
42842
42873
42927
42930
42931
42983
43074
43077
43131
43176
43196
43229
43239
43245
43273
43297
43308
43314
43319
43339
43505
43540
43543
43595
43599
43645
43705
43791
43803
43846
43874
43911
43915
43930
43935
43954
43958
44019
44022
44027
44053
44073
44108
44116
44147
44174
44185
44213
44229
44232
44247
44254
44256
44280
44329
44339
44341
44372
44410
44411
44479
44497
44543
44585
44592
44598
44645
44698
44704
44779
44799
44834
44870
44890
45018
45066
45090
45105
45199
45243
45268
45282
45285
45299
45321
45370
45410
45462
45469
45481
45520
45525
45526
45546
45560
45600
45626
45649
45656
45658
45666
45676
45687
45690
45706
45724
45746
45769
45781
45818
45881
45897
45923
45931
45938
45944
46014
46030
46039
46051
46054
46065
46076
46089
46115
46140
46169
46195
46225
46235
46249
46279
46288
46297
46319
46325
46369
46417
46419
46422
46430
46467
46497
46524
46535
46545
46567
46585
46614
46618
46619
46628
46629
46686
46698
46719
46744
46820
46843
46848
46899
46932
46935
46981
47052
47054
47081
47113
47118
47159
47221
47240
47284
47294
47296
47313
47345
47379
47410
47455
47460
47475
47477
47485
47498
47545
47547
47645
47660
47664
47672
47688
47690
47696
47727
47746
47805
47809
47820
47855
47864
47882
47893
47910
47932
47959
47989
47999
48033
48039
48044
48054
48086
48089
48107
48109
48130
48132
48136
48155
48177
48178
48183
48214
48245
48248
48259
48268
48316
48320
48352
48381
48400
48418
48460
48473
48482
48553
48566
48578
48579
48616
48630
48661
48662
48667
48677
48711
48726
48743
48764
48787
48809
48811
48830
48833
48843
48850
48883
48905
48917
48922
48935
49031
49033
49050
49054
49144
49151
49170
49176
49340
49342
49346
49386
49415
49423
49455
49526
49530
49563
49585
49587
49592
49598
49605
49629
49637
49639
49700
49735
49796
49805
49813
49829
49835
49841
49880
49905
49921
49928
49930
49955
49965
49967
50001
50010
50018
50026
50052
50070
50079
50107
50110
50113
50116
50130
50156
50193
50221
50224
50282
50292
50310
50351
50355
50363
50373
50383
50456
50461
50504
50510
50514
50524
50530
50541
50551
50571
50593
50614
50619
50635
50645
50650
50666
50675
50680
50722
50739
50759
50765
50770
50779
50794
50800
50811
50830
50831
50839
50844
50853
50939
50976
51003
51017
51023
51027
51053
51090
51097
51142
51166
51170
51196
51201
51242
51245
51274
51321
51353
51368
51369
51383
51405
51479
51498
51501
51504
51509
51515
51549
51558
51567
51588
51598
51609
51628
51638
51644
51681
51688
51699
51725
51744
51748
51787
51796
51799
51819
51822
51880
51885
51950
51975
51982
51993
52027
52065
52128
52140
52145
52178
52212
52214
52239
52251
52293
52307
52338
52341
52359
52388
52404
52435
52443
52458
52474
52485
52496
52498
52520
52540
52545
52557
52611
52620
52628
52631
52643
52651
52675
52676
52677
52692
52742
52763
52768
52789
52799
52855
52884
52922
52975
53009
53028
53029
53030
53067
53114
53188
53194
53197
53212
53226
53237
53283
53285
53290
53295
53311
53356
53376
53431
53455
53459
53560
53563
53594
53629
53656
53679
53709
53749
53751
53769
53777
53787
53804
53813
53838
53845
53890
53894
53942
53974
53988
54001
54003
54019
54059
54105
54109
54126
54135
54181
54201
54292
54327
54328
54331
54351
54357
54369
54383
54456
54477
54495
54525
54526
54535
54556
54571
54575
54587
54595
54618
54620
54671
54672
54714
54715
54726
54806
54864
54880
54883
54890
54901
54910
54946
54959
54976
55024
55032
55050
55075
55085
55118
55127
55132
55141
55184
55220
55221
55228
55270
55282
55295
55296
55301
55316
55327
55371
55409
55425
55440
55454
55464
55474
55482
55501
55528
55594
55614
55617
55671
55707
55740
55741
55769
55781
55785
55803
55805
55867
55880
55902
55911
55918
55928
55930
55949
55952
55957
55971
55993
56001
56026
56036
56047
56049
56117
56145
56162
56185
56228
56280
56312
56352
56371
56416
56430
56455
56478
56527
56538
56545
56566
56577
56584
56594
56598
56606
56612
56623
56627
56635
56655
56661
56666
56676
56679
56701
56710
56716
56718
56750
56753
56774
56841
56929
56947
56989
56992
56996
57004
57037
57063
57069
57121
57138
57147
57155
57159
57164
57190
57246
57311
57328
57333
57379
57413
57426
57434
57467
57479
57484
57488
57503
57508
57515
57573
57578
57642
57647
57682
57694
57739
57751
57788
57818
57833
57874
57903
57907
57959
57979
57986
57999
58049
58063
58080
58090
58122
58132
58137
58192
58220
58307
58354
58406
58417
58449
58451
58526
58538
58545
58556
58564
58586
58602
58616
58619
58640
58645
58648
58659
58668
58677
58687
58692
58699
58700
58705
58717
58733
58783
58786
58817
58820
58855
58896
58941
58945
58948
58960
58972
58974
59015
59035
59039
59040
59045
59078
59120
59162
59171
59174
59230
59232
59246
59258
59259
59281
59302
59303
59306
59330
59350
59363
59429
59463
59469
59480
59518
59553
59580
59587
59593
59635
59642
59650
59660
59667
59678
59719
59740
59768
59778
59809
59826
59857
59865
59870
59895
59932
59955
59956
60038
60081
60092
60127
60136
60200
60233
60251
60256
60262
60300
60317
60326
60478
60505
60513
60528
60530
60555
60565
60566
60582
60586
60595
60609
60627
60682
60684
60693
60703
60710
60711
60744
60786
60787
60792
60848
60861
60878
60912
60929
60930
60992
61037
61046
61080
61097
61130
61133
61137
61142
61188
61189
61220
61242
61263
61272
61300
61337
61342
61343
61346
61351
61354
61367
61375
61390
61422
61439
61458
61475
61492
61496
61500
61506
61520
61539
61570
61598
61627
61641
61654
61658
61689
61707
61740
61764
61771
61858
61859
61877
61889
61900
61919
61930
61969
61976
61991
62014
62049
62053
62064
62078
62173
62251
62257
62348
62350
62368
62373
62374
62383
62397
62435
62492
62502
62503
62553
62575
62604
62611
62621
62634
62684
62686
62687
62701
62729
62759
62808
62850
62947
62959
62985
62986
62992
62998
63016
63103
63136
63162
63166
63172
63203
63251
63262
63277
63283
63337
63372
63380
63386
63495
63499
63545
63591
63758
63759
63764
63769
63784
63808
63815
63824
63857
63911
63944
63977
63991
64007
64024
64036
64059
64099
64101
64110
64115
64123
64153
64179
64193
64214
64246
64277
64320
64393
64416
64426
64443
64457
64490
64517
64544
64551
64580
64601
64637
64652
64706
64715
64718
64778
64789
64845
64873
64885
64887
64890
64907
64928
64930
64967
64970
64983
65012
65041
65048
65064
65074
65103
65105
65107
65140
65147
65155
65162
65222
65237
65253
65256
65275
65280
65318
65321
65342
65344
65382
65385
65390
65394
65404
65462
65487
65582
65592
65652
65667
65668
65688
65701
65710
65729
65800
65808
65870
65897
65916
65921
65940
65954
65999
66009
66019
66053
66102
66119
66128
66190
66191
66243
66273
66287
66308
66311
66323
66359
66382
66413
66461
66593
66650
66666
66677
66680
66694
66705
66716
66722
66729
66760
66763
66773
66793
66796
66816
66865
66867
66883
66901
66930
66931
66997
67015
67030
67037
67107
67112
67124
67128
67176
67216
67224
67233
67238
67266
67318
67321
67327
67333
67338
67346
67356
67378
67442
67464
67482
67493
67532
67533
67569
67665
67667
67679
67779
67790
67795
67816
67820
67835
67850
67861
67872
67879
67891
67899
67906
67986
68021
68030
68051
68064
68098
68103
68123
68134
68179
68224
68231
68250
68254
68329
68352
68370
68408
68440
68449
68458
68459
68470
68487
68496
68504
68516
68619
68620
68638
68662
68683
68686
68708
68751
68759
68786
68791
68797
68799
68810
68859
68868
68873
68921
68984
69022
69023
69066
69072
69097
69100
69178
69195
69197
69223
69240
69245
69253
69321
69368
69414
69425
69467
69520
69553
69565
69603
69626
69629
69638
69641
69684
69691
69693
69703
69714
69775
69833
69860
69866
69899
69927
69951
69987
69991
70005
70035
70050
70073
70112
70156
70160
70181
70184
70256
70278
70281
70308
70314
70317
70332
70342
70366
70412
70416
70419
70421
70440
70451
70455
70456
70483
70506
70507
70583
70587
70642
70648
70719
70724
70735
70795
70797
70807
70852
70853
70871
70880
70884
70904
70931
70939
70953
70972
70989
71008
71027
71067
71078
71095
71153
71173
71174
71189
71197
71273
71289
71317
71322
71328
71353
71378
71405
71406
71460
71474
71490
71524
71627
71671
71677
71682
71716
71773
71779
71794
71827
71842
71846
71847
71867
71908
71915
71923
71928
71932
71938
71985
71991
71997
72000
72004
72025
72066
72082
72105
72137
72159
72161
72215
72241
72305
72317
72350
72368
72379
72390
72405
72424
72446
72464
72475
72483
72490
72508
72549
72583
72586
72666
72680
72698
72768
72771
72787
72836
72864
72988
73039
73071
73108
73109
73119
73125
73160
73197
73201
73223
73232
73250
73254
73264
73274
73296
73335
73366
73381
73427
73447
73459
73487
73497
73530
73590
73602
73618
73660
73661
73719
73745
73822
73831
73836
73864
73902
73919
73931
73942
73977
73981
73985
73994
74011
74091
74109
74136
74147
74170
74187
74227
74241
74251
74253
74257
74281
74307
74318
74320
74324
74325
74331
74341
74360
74382
74385
74392
74402
74414
74420
74424
74484
74496
74529
74556
74584
74597
74619
74630
74645
74657
74801
74806
74825
74848
74890
74898
74899
74928
74937
74944
74951
74955
74968
74976
74982
75011
75035
75041
75081
75083
75084
75111
75131
75132
75188
75209
75214
75215
75216
75218
75219
75277
75300
75374
75385
75386
75406
75420
75445
75495
75519
75639
75659
75667
75689
75711
75773
75782
75787
75791
75850
75851
75871
75883
75899
75932
75938
75966
75977
75998
76012
76082
76085
76140
76146
76149
76159
76173
76194
76219
76228
76298
76304
76326
76353
76355
76360
76402
76409
76434
76440
76481
76484
76501
76516
76521
76528
76555
76654
76658
76677
76726
76745
76751
76765
76786
76802
76809
76812
76813
76840
76841
76887
76907
76919
76972
77001
77036
77070
77075
77081
77094
77132
77163
77165
77238
77243
77264
77296
77359
77378
77413
77439
77440
77458
77463
77496
77507
77513
77536
77544
77555
77557
77629
77633
77655
77666
77668
77670
77678
77694
77700
77705
77728
77740
77741
77750
77755
77774
77794
77809
77838
77874
77889
77896
77922
77941
77952
77983
78002
78010
78032
78033
78044
78056
78058
78066
78073
78081
78139
78169
78194
78204
78224
78247
78270
78291
78311
78313
78320
78333
78344
78348
78373
78395
78403
78426
78436
78442
78459
78464
78487
78488
78523
78615
78618
78640
78684
78711
78718
78775
78797
78865
78879
78883
78895
78917
78922
78941
78978
79006
79055
79098
79103
79125
79127
79134
79138
79153
79179
79203
79272
79274
79313
79443
79489
79537
79573
79608
79617
79644
79651
79667
79673
79719
79736
79754
79757
79771
79775
79780
79788
79793
79797
79817
79826
79870
79873
79883
79885
79900
79949
79994
80000
80016
80023
80030
80077
80098
80118
80233
80238
80278
80294
80318
80368
80408
80421
80423
80447
80496
80519
80522
80545
80551
80595
80605
80638
80641
80660
80724
80801
80809
80826
80850
80857
80890
80898
80904
80914
80923
80996
80997
80999
81034
81089
81100
81106
81110
81146
81204
81222
81276
81287
81290
81304
81327
81338
81376
81396
81430
81445
81453
81479
81489
81503
81551
81570
81578
81579
81598
81600
81687
81695
81699
81733
81792
81799
81823
81860
81875
81887
81907
81962
81966
81990
82015
82016
82036
82061
82066
82103
82220
82249
82257
82283
82292
82304
82323
82344
82377
82384
82444
82480
82527
82529
82544
82558
82573
82585
82609
82626
82645
82680
82713
82729
82792
82813
82815
82816
82819
82846
82878
82889
82949
83030
83035
83059
83068
83096
83102
83106
83127
83135
83194
83209
83234
83238
83274
83308
83309
83333
83368
83380
83386
83440
83451
83490
83518
83522
83552
83572
83755
83781
83837
83855
83857
83935
83937
83949
83961
83967
83969
83980
83992
84010
84019
84024
84126
84130
84146
84153
84167
84175
84197
84205
84236
84244
84251
84275
84297
84316
84319
84338
84409
84421
84429
84434
84488
84491
84496
84530
84586
84597
84599
84603
84604
84607
84625
84646
84699
84708
84709
84732
84733
84745
84754
84769
84797
84831
84842
84862
84885
84892
84922
84973
84977
84983
84986
85024
85028
85048
85073
85082
85089
85156
85185
85192
85222
85243
85273
85287
85330
85345
85356
85365
85375
85385
85401
85409
85443
85495
85534
85536
85538
85555
85576
85580
85589
85601
85608
85611
85659
85705
85713
85771
85772
85789
85808
85822
85825
85868
85911
85921
85942
85958
85986
85988
85997
86005
86024
86034
86041
86045
86075
86108
86122
86123
86142
86149
86174
86208
86221
86265
86276
86309
86310
86324
86339
86370
86392
86420
86432
86464
86466
86470
86498
86548
86549
86565
86615
86617
86627
86637
86639
86641
86644
86704
86724
86765
86775
86790
86793
86798
86799
86812
86844
86858
86880
86907
86938
87011
87058
87062
87069
87077
87172
87189
87190
87204
87212
87221
87231
87240
87258
87259
87266
87283
87288
87339
87357
87404
87406
87409
87414
87415
87422
87469
87475
87487
87499
87512
87582
87613
87621
87694
87715
87723
87743
87750
87771
87779
87809
87868
87874
87882
87885
87911
87912
87932
87941
87960
87983
87986
87989
88025
88044
88062
88125
88142
88191
88202
88210
88251
88282
88285
88288
88349
88371
88374
88416
88432
88433
88504
88529
88542
88557
88558
88562
88581
88595
88598
88605
88655
88662
88670
88678
88711
88721
88763
88773
88777
88802
88804
88812
88870
88900
88919
88927
88967
89009
89013
89117
89147
89150
89158
89181
89211
89219
89276
89288
89304
89354
89368
89380
89394
89405
89418
89469
89502
89534
89558
89590
89598
89647
89655
89687
89705
89712
89751
89752
89753
89756
89769
89812
89820
89828
89850
89859
89866
89871
89879
89891
89902
89912
89917
89960
89984
90011
90029
90036
90054
90083
90099
90100
90105
90115
90177
90180
90181
90184
90255
90267
90312
90332
90343
90398
90465
90476
90491
90497
90513
90545
90559
90560
90566
90576
90605
90614
90627
90682
90689
90696
90699
90732
90733
90736
90737
90739
90789
90826
90930
90985
91010
91032
91080
91095
91144
91180
91182
91194
91207
91240
91258
91276
91282
91290
91291
91309
91342
91380
91386
91404
91413
91433
91445
91450
91454
91459
91478
91479
91510
91512
91518
91531
91545
91552
91564
91593
91610
91640
91657
91738
91783
91794
91806
91819
91835
91841
91866
91880
91889
91896
91904
91906
91981
91988
92023
92042
92044
92047
92069
92077
92088
92124
92201
92203
92212
92247
92334
92336
92360
92370
92379
92413
92414
92484
92512
92516
92527
92537
92558
92580
92588
92601
92616
92632
92647
92657
92664
92676
92686
92691
92697
92698
92731
92755
92761
92764
92794
92810
92817
92866
92880
92907
92968
92990
93045
93057
93104
93112
93127
93129
93132
93173
93175
93186
93201
93204
93222
93226
93269
93283
93308
93312
93313
93368
93382
93409
93431
93459
93478
93479
93491
93513
93520
93524
93530
93532
93541
93557
93561
93589
93634
93659
93687
93716
93738
93770
93791
93830
93838
93879
93935
93980
94033
94036
94041
94046
94062
94075
94079
94087
94092
94095
94099
94100
94119
94127
94166
94180
94203
94220
94271
94302
94344
94346
94368
94369
94395
94423
94433
94450
94479
94507
94516
94520
94528
94561
94589
94591
94616
94631
94654
94667
94675
94681
94689
94755
94781
94884
94910
94939
94951
94962
94980
95053
95089
95113
95126
95133
95142
95159
95178
95196
95264
95289
95324
95340
95355
95361
95404
95416
95455
95464
95466
95472
95497
95502
95526
95563
95577
95581
95590
95603
95644
95657
95662
95673
95737
95765
95776
95800
95828
95927
95956
95965
95973
95981
96065
96074
96082
96127
96141
96173
96175
96176
96178
96202
96211
96225
96234
96305
96329
96334
96346
96378
96437
96440
96442
96460
96488
96511
96512
96519
96520
96523
96590
96606
96610
96621
96649
96675
96681
96711
96716
96733
96791
96808
96821
96833
96872
96898
96901
96926
96932
97008
97018
97020
97021
97024
97056
97065
97139
97147
97178
97227
97235
97256
97264
97272
97277
97305
97309
97329
97348
97436
97438
97452
97457
97466
97471
97476
97527
97536
97544
97548
97557
97562
97565
97584
97593
97601
97602
97606
97614
97671
97687
97712
97779
97780
97815
97825
97872
97879
97904
97906
97912
97931
97933
97939
97943
97955
97956
97975
97982
98000
98015
98037
98056
98131
98136
98155
98194
98202
98242
98243
98274
98326
98333
98337
98364
98378
98396
98435
98465
98466
98489
98503
98513
98519
98531
98581
98591
98599
98601
98715
98721
98759
98779
98802
98804
98843
98849
98853
98876
98931
98941
98943
98949
98955
98962
98993
99017
99021
99026
99032
99036
99043
99047
99069
99078
99083
99200
99204
99255
99286
99294
99308
99321
99335
99349
99355
99363
99395
99457
99462
99497
99516
99525
99537
99544
99547
99553
99605
99616
99618
99638
99644
99683
99711
99725
99727
99730
99762
99764
99780
99789
99826
99843
99847
99859
99873
99895
99918
99927
99949
99965
99979
99984
100027
100055
100066
100068
100084
100111
100193
100196
100201
100204
100244
100259
100260
100317
100333
100357
100411
100412
100456
100483
100518
100519
100536
100543
100570
100591
100599
100618
100628
100629
100635
100642
100671
100684
100707
100721
100732
100751
100790
100842
100863
100905
100920
100960
100963
101007
101012
101127
101135
101175
101195
101219
101270
101271
101350
101351
101427
101468
101480
101486
101519
101557
101590
101594
101607
101628
101663
101696
101701
101763
101782
101824
101825
101873
101900
101902
101927
101985
101988
102015
102018
102069
102090
102091
102094
102105
102107
102121
102139
102161
102195
102219
102233
102259
102273
102377
102383
102385
102396
102418
102423
102442
102476
102482
102483
102495
102515
102519
102520
102545
102564
102565
102570
102631
102653
102659
102666
102676
102684
102694
102729
102752
102767
102805
102809
102831
102832
102839
102855
102858
102886
102892
102922
102963
102972
102999
103009
103031
103040
103078
103133
103135
103141
103162
103164
103166
103182
103204
103268
103285
103319
103356
103388
103421
103440
103445
103499
103545
103556
103576
103590
103601
103616
103622
103641
103650
103663
103665
103684
103692
103698
103724
103740
103758
103813
103814
103821
103874
103913
103915
103977
103978
103982
103993
104010
104026
104029
104045
104057
104073
104078
104084
104100
104130
104141
104151
104242
104261
104291
104297
104298
104299
104302
104309
104314
104383
104396
104397
104417
104426
104448
104488
104505
104527
104545
104547
104638
104660
104666
104685
104714
104716
104749
104795
104836
104853
104867
104892
104921
104939
104957
104986
105005
105059
105076
105101
105106
105121
105123
105175
105180
105193
105203
105205
105243
105254
105263
105302
105308
105318
105374
105396
105428
105452
105474
105534
105536
105538
105563
105565
105586
105587
105588
105603
105607
105617
105639
105680
105683
105703
105736
105742
105789
105803
105818
105848
105855
105859
105882
105890
105894
105901
105921
105943
106027
106044
106076
106082
106094
106120
106131
106155
106163
106219
106240
106266
106276
106285
106294
106296
106301
106308
106311
106325
106326
106377
106428
106429
106472
106494
106524
106543
106572
106577
106587
106596
106598
106599
106617
106624
106661
106665
106671
106675
106677
106678
106692
106716
106718
106735
106742
106752
106768
106813
106823
106903
106906
106948
106951
106989
107005
107027
107054
107079
107084
107085
107091
107121
107168
107182
107214
107229
107262
107336
107416
107438
107442
107456
107497
107507
107508
107523
107539
107548
107587
107641
107644
107667
107708
107732
107745
107750
107767
107800
107806
107820
107855
107888
107892
107901
107990
107992
108004
108010
108020
108047
108060
108104
108110
108119
108120
108124
108138
108144
108153
108171
108185
108193
108200
108209
108243
108276
108293
108334
108359
108394
108396
108413
108428
108462
108472
108480
108488
108489
108491
108505
108519
108590
108620
108634
108681
108692
108770
108771
108789
108805
108808
108824
108836
108838
108858
108892
108915
108922
108971
109001
109022
109040
109045
109048
109079
109110
109115
109130
109133
109160
109182
109188
109205
109234
109256
109268
109283
109309
109323
109334
109341
109447
109455
109459
109482
109491
109501
109507
109517
109540
109569
109574
109577
109588
109671
109710
109716
109717
109745
109776
109805
109867
109920
109931
109946
109999
110002
110025
110050
110113
110133
110138
110171
110186
110213
110221
110236
110254
110255
110273
110305
110311
110342
110345
110351
110352
110370
110380
110386
110425
110456
110490
110495
110517
110553
110571
110578
110579
110582
110587
110624
110664
110673
110686
110723
110734
110768
110771
110786
110789
110790
110805
110825
110829
110837
110878
110880
110885
110890
110896
110942
111003
111018
111038
111069
111086
111111
111119
111126
111156
111172
111186
111229
111242
111271
111279
111309
111315
111335
111338
111343
111358
111395
111403
111433
111446
111457
111462
111522
111529
111540
111549
111588
111605
111608
111614
111643
111651
111661
111722
111746
111754
111772
111799
111813
111918
111969
112005
112011
112037
112071
112093
112137
112149
112157
112166
112170
112174
112201
112224
112270
112307
112322
112337
112338
112360
112378
112419
112461
112560
112563
112589
112613
112631
112642
112692
112708
112711
112718
112737
112740
112754
112755
112789
112831
112856
112860
112874
112876
112881
112933
112964
112980
112990
112997
113000
113017
113059
113086
113163
113165
113182
113196
113241
113245
113249
113276
113277
113280
113322
113385
113419
113431
113487
113513
113570
113577
113585
113595
113607
113627
113628
113699
113708
113709
113719
113758
113772
113815
113877
113911
113963
113995
114014
114036
114051
114066
114067
114073
114118
114189
114192
114264
114279
114284
114308
114326
114332
114340
114368
114370
114394
114444
114462
114484
114493
114544
114581
114601
114617
114642
114695
114708
114716
114731
114772
114791
114792
114796
114828
114829
114833
114970
115024
115061
115096
115111
115136
115180
115190
115198
115252
115258
115259
115268
115330
115349
115354
115366
115385
115388
115394
115417
115438
115450
115467
115473
115474
115479
115553
115569
115604
115620
115636
115662
115667
115692
115695
115696
115701
115743
115752
115773
115795
115801
115806
115809
115855
115868
115903
115933
115938
115984
115994
116019
116065
116106
116114
116119
116124
116137
116159
116161
116170
116186
116229
116255
116286
116363
116388
116403
116414
116426
116442
116466
116531
116536
116547
116596
116603
116604
116625
116631
116634
116664
116667
116669
116714
116770
116796
116805
116828
116863
116874
116878
116898
116922
116940
116956
116992
116993
117009
117017
117031
117047
117097
117104
117123
117156
117159
117176
117206
117218
117246
117250
117252
117258
117261
117263
117272
117275
117279
117302
117311
117335
117353
117387
117399
117443
117450
117462
117483
117484
117485
117487
117505
117514
117565
117715
117737
117750
117776
117783
117791
117819
117827
117837
117862
117937
117954
117959
117962
118010
118053
118078
118097
118109
118148
118173
118190
118195
118198
118251
118263
118278
118291
118370
118401
118420
118443
118448
118524
118556
118588
118624
118636
118640
118643
118671
118736
118771
118816
118830
118911
118936
118942
118962
118965
119021
119045
119064
119065
119085
119123
119129
119152
119168
119192
119195
119202
119206
119212
119241
119271
119272
119302
119335
119402
119403
119454
119463
119468
119470
119504
119513
119535
119568
119580
119601
119612
119619
119644
119667
119729
119732
119744
119745
119785
119795
119808
119855
119856
119889
119923
119931
119932
119966
119996
119998
120032
120038
120039
120040
120052
120070
120096
120097
120105
120141
120252
120265
120300
120316
120323
120339
120348
120374
120376
120384
120385
120434
120437
120441
120443
120444
120467
120504
120561
120577
120582
120587
120604
120628
120630
120631
120646
120680
120683
120690
120691
120694
120697
120711
120712
120741
120761
120801
120813
120846
120851
120856
120881
120890
120896
120901
120907
120918
120921
120939
120941
120944
120960
121014
121024
121067
121163
121175
121187
121188
121209
121210
121228
121268
121319
121331
121356
121430
121476
121494
121507
121512
121539
121549
121555
121564
121603
121609
121646
121647
121661
121712
121727
121731
121737
121739
121747
121755
121783
121837
121844
121859
121863
121864
121871
121906
121917
121927
121941
121956
121973
122003
122011
122041
122084
122088
122095
122131
122149
122205
122210
122231
122260
122299
122304
122446
122454
122470
122475
122478
122536
122560
122565
122569
122608
122612
122712
122713
122718
122730
122734
122761
122791
122817
122857
122869
122878
122890
122900
122930
122980
122982
122992
123003
123006
123007
123038
123039
123100
123129
123180
123215
123229
123272
123291
123308
123319
123342
123361
123407
123417
123469
123520
123523
123535
123546
123569
123578
123633
123709
123716
123728
123729
123735
123741
123750
123790
123793
123818
123874
123879
123902
123904
123925
123934
123941
123959
123963
123978
123990
124024
124027
124055
124064
124101
124103
124118
124143
124200
124209
124237
124241
124248
124270
124316
124407
124419
124424
124432
124456
124470
124476
124510
124544
124591
124592
124630
124642
124650
124661
124678
124697
124753
124770
124782
124809
124836
124882
124883
124907
124909
124943
124964
124966
124968
125006
125007
125018
125031
125039
125050
125056
125065
125076
125096
125097
125119
125155
125165
125169
125179
125200
125222
125239
125261
125281
125300
125307
125312
125322
125327
125337
125358
125365
125367
125402
125426
125464
125472
125481
125497
125511
125527
125608
125612
125616
125622
125628
125635
125710
125724
125736
125767
125787
125788
125794
125819
125823
125852
125885
125900
125951
125954
125963
126003
126024
126049
126071
126075
126099
126113
126117
126121
126155
126159
126164
126166
126207
126322
126343
126360
126405
126408
126426
126440
126452
126471
126514
126525
126534
126547
126554
126563
126573
126610
126624
126632
126647
126660
126662
126678
126683
126685
126713
126720
126745
126751
126777
126781
126788
126822
126844
126859
126873
126922
126952
126987
126997
127014
127028
127035
127056
127063
127073
127097
127107
127160
127219
127241
127306
127320
127343
127351
127369
127415
127419
127428
127472
127492
127499
127512
127527
127532
127552
127582
127600
127619
127620
127651
127697
127704
127710
127714
127727
127778
127858
127888
127905
127919
127976
127985
127992
128036
128062
128073
128093
128123
128129
128152
128165
128185
128205
128233
128273
128303
128333
128336
128357
128365
128373
128397
128463
128465
128508
128592
128597
128603
128615
128630
128638
128677
128682
128696
128713
128770
128824
128827
128843
128860
128987
128988
129005
129007
129016
129025
129026
129038
129063
129072
129091
129093
129115
129129
129165
129173
129189
129262
129281
129290
129296
129299
129325
129366
129384
129385
129387
129397
129407
129416
129432
129435
129443
129470
129490
129494
129495
129505
129518
129538
129543
129560
129570
129579
129629
129654
129669
129693
129703
129720
129736
129749
129815
129823
129840
129845
129848
129873
129911
129939
129943
129951
129960
129963
129974
130014
130020
130028
130037
130080
130084
130106
130107
130142
130144
130196
130199
130210
130222
130234
130243
130246
130265
130327
130332
130354
130394
130395
130441
130454
130477
130478
130496
130499
130510
130526
130544
130566
130589
130621
130626
130639
130646
130678
130680
130755
130763
130773
130775
130822
130844
130855
130877
130950
130956
130965
130971
131049
131073
131078
131085
131091
131097
131139
131140
131191
131212
131214
131255
131256
131290
131295
131303
131314
131341
131347
131359
131367
131414
131434
131474
131503
131505
131506
131524
131543
131546
131574
131577
131586
131587
131588
131596
131604
131612
131625
131627
131628
131634
131645
131685
131701
131749
131829
131835
131841
131845
131862
131868
131886
131934
131936
131940
131995
132037
132050
132066
132089
132096
132124
132168
132172
132173
132175
132201
132204
132278
132319
132324
132385
132411
132443
132453
132465
132482
132496
132527
132546
132561
132587
132672
132694
132727
132745
132753
132766
132771
132796
132801
132807
132849
132853
132866
132907
132933
132938
132940
132942
132957
132966
132980
132998
132999
133027
133041
133104
133110
133172
133174
133203
133224
133237
133290
133298
133318
133320
133323
133383
133396
133455
133477
133491
133513
133597
133602
133623
133706
133723
133724
133770
133790
133825
133864
133890
133910
133916
133926
134003
134022
134048
134053
134082
134125
134155
134205
134239
134250
134272
134309
134310
134340
134355
134356
134435
134445
134492
134505
134534
134536
134576
134607
134619
134629
134699
134708
134711
134713
134756
134798
134811
134820
134833
134921
134928
134979
135034
135066
135094
135097
135106
135109
135133
135147
135162
135280
135288
135299
135317
135326
135331
135344
135363
135376
135377
135383
135436
135483
135487
135524
135531
135546
135571
135601
135612
135627
135686
135697
135711
135729
135751
135777
135801
135810
135832
135850
135889
135895
135900
135956
135957
135961
136036
136094
136099
136123
136124
136164
136176
136193
136196
136227
136232
136238
136266
136302
136322
136338
136361
136364
136394
136421
136429
136478
136496
136503
136511
136533
136560
136580
136600
136602
136623
136656
136684
136704
136807
136816
136825
136836
136853
136889
136935
136937
136938
136975
136981
137005
137047
137048
137066
137083
137086
137116
137173
137185
137203
137227
137235
137275
137281
137312
137317
137341
137376
137381
137405
137430
137469
137530
137552
137559
137560
137564
137597
137598
137621
137636
137691
137700
137726
137730
137743
137756
137767
137778
137781
137793
137806
137828
137838
137841
137844
137845
137873
137876
137910
137936
137939
137988
137999
138079
138114
138131
138172
138178
138205
138219
138232
138241
138271
138314
138393
138398
138593
138644
138655
138676
138692
138711
138712
138730
138734
138786
138788
138792
138793
138815
138822
138826
138847
138857
138859
138872
138883
138885
138898
138899
138920
138922
138949
138959
138965
138995
139019
139027
139046
139073
139078
139209
139236
139242
139261
139262
139285
139340
139349
139370
139377
139477
139519
139540
139576
139650
139654
139695
139740
139789
139817
139855
139860
139866
139882
139914
139930
139934
139937
139950
139951
139986
139995
140004
140005
140057
140094
140112
140118
140124
140132
140151
140189
140201
140209
140210
140223
140224
140290
140332
140336
140363
140389
140393
140400
140407
140461
140463
140476
140491
140503
140509
140517
140518
140533
140534
140539
140600
140615
140668
140695
140702
140709
140758
140805
140872
140888
140910
140945
140973
140974
140983
141068
141074
141085
141099
141104
141126
141129
141158
141194
141215
141250
141262
141288
141312
141317
141322
141345
141423
141433
141480
141491
141517
141538
141552
141561
141580
141592
141600
141626
141638
141649
141672
141690
141708
141718
141730
141754
141794
141822
141828
141847
141876
141916
141926
141936
141987
142002
142014
142018
142054
142089
142098
142108
142123
142124
142134
142148
142174
142177
142183
142209
142216
142217
142243
142320
142372
142392
142402
142508
142532
142554
142555
142588
142624
142667
142704
142720
142729
142750
142769
142787
142822
142866
142917
142933
142935
142936
142967
143001
143030
143033
143036
143057
143068
143124
143142
143161
143175
143178
143181
143203
143288
143310
143316
143347
143372
143415
143418
143445
143447
143456
143481
143506
143518
143532
143538
143564
143571
143582
143629
143676
143695
143711
143712
143716
143728
143780
143804
143817
143833
143866
143904
143907
143935
143940
143952
143970
143976
143989
143994
144009
144019
144030
144032
144041
144052
144130
144160
144178
144185
144198
144294
144316
144335
144373
144389
144405
144408
144417
144431
144451
144452
144466
144547
144574
144577
144578
144588
144597
144621
144622
144634
144640
144732
144757
144801
144805
144823
144828
144851
144860
144864
144867
144880
144882
144891
144893
144912
144914
144926
144930
144983
144984
145009
145032
145038
145057
145077
145101
145108
145113
145128
145144
145152
145179
145204
145229
145267
145278
145279
145297
145298
145325
145373
145440
145441
145471
145487
145489
145530
145605
145608
145644
145691
145698
145723
145752
145775
145799
145827
145829
145909
145926
145938
145983
145986
146017
146022
146024
146058
146070
146077
146085
146093
146137
146155
146163
146204
146210
146243
146257
146259
146268
146282
146300
146330
146337
146353
146358
146360
146378
146379
146393
146396
146404
146425
146447
146492
146505
146507
146528
146580
146582
146647
146678
146698
146706
146739
146747
146759
146771
146784
146785
146787
146826
146854
146895
146912
146923
146925
146959
146961
146971
146973
147002
147006
147023
147025
147052
147077
147119
147141
147147
147235
147237
147256
147276
147289
147324
147349
147376
147390
147409
147411
147428
147442
147466
147489
147498
147543
147589
147597
147612
147614
147636
147708
147743
147788
147799
147858
147866
147883
147910
147995
147996
148000
148002
148031
148068
148073

