2080
2094
2123
2128
2138
2140
2147
2158
2160
2191
2213
2238
2247
2261
2262
2304
2314
2363
2384
2391
2403
2410
2430
2480
2493
2500
2519
2526
2537
2550
2572
2583
2606
2635
2639
2696
2721
2743
2768
2780
2805
2807
2828
2845
2889
2910
2916
2958
2968
2979
3011
3017
3043
3061
3087
3097
3111
3125
3184
3207
3213
3214
3229
3265
3318
3330
3362
3417
3498
3519
3520
3558
3565
3629
3682
3740
3745
3754
3759
3768
3777
3800
3816
3838
3848
3867
3870
3931
3942
3950
3957
3959
4004
4034
4076
4102
4132
4135
4169
4176
4186
4216
4238
4257
4262
4308
4309
4316
4332
4364
4366
4393
4400
4410
4416
4454
4458
4500
4538
4578
4621
4628
4642
4648
4727
4738
4771
4772
4814
4819
4859
4883
4889
4891
4918
4938
4962
5008
5016
5035
5133
5146
5166
5168
5240
5247
5259
5270
5314
5316
5355
5405
5424
5474
5504
5572
5609
5617
5624
5628
5639
5682
5695
5710
5719
5729
5744
5749
5782
5789
5815
5901
5910
5918
5929
5931
5984
5994
5995
6019
6033
6051
6074
6092
6104
6109
6123
6133
6145
6162
6192
6267
6277
6288
6341
6347
6360
6375
6407
6506
6533
6537
6574
6577
6582
6586
6591
6615
6661
6682
6710
6713
6725
6775
6779
6787
6812
6852
6880
6932
6953
6967
6981
6991
7000
7007
7034
7038
7076
7089
7106
7107
7138
7139
7149
7153
7157
7161
7162
7208
7230
7239
7265
7289
7307
7336
7343
7451
7470
7475
7513
7568
7580
7656
7666
7674
7718
7772
7777
7798
7815
7825
7828
7844
7847
7874
7877
7894
7993
8003
8005
8013
8020
8028
8089
8098
8099
8147
8193
8254
8256
8262
8267
8272
8288
8294
8316
8320
8326
8400
8421
8484
8500
8527
8555
8560
8567
8572
8690
8710
8780
8783
8846
8934
8936
8973
8976
9006
9020
9023
9033
9062
9122
9143
9157
9177
9184
9206
9222
9243
9257
9263
9270
9282
9286
9288
9290
9294
9297
9313
9339
9340
9357
9369
9394
9395
9408
9421
9441
9451
9458
9459
9469
9472
9486
9488
9490
9541
9584
9585
9612
9636
9643
9656
9661
9688
9707
9713
9750
9778
9779
9788
9814
9821
9826
9827
9876
9903
9936
9942
9943
9959
9967
10011
10021
10039
10104
10122
10141
10162
10166
10219
10229
10243
10245
10309
10333
10361
10364
10379
10387
10404
10418
10424
10447
10461
10464
10484
10500
10514
10560
10581
10585
10625
10635
10646
10650
10655
10671
10677
10720
10735
10737
10754
10783
10875
10878
10880
10904
10914
10931
10954
10955
10963
10994
11003
11021
11030
11039
11049
11088
11138
11161
11231
11251
11266
11306
11320
11334
11361
11370
11398
11417
11427
11475
11492
11540
11573
11606
11613
11640
11642
11655
11730
11750
11788
11798
11807
11833
11840
11845
11853
11877
11886
11923
11925
11927
11941
11948
11964
11994
11997
12054
12062
12080
12094
12120
12123
12124
12130
12141
12159
12172
12222
12225
12241
12259
12261
12277
12285
12311
12313
12329
12350
12356
12358
12440
12446
12456
12465
12513
12531
12538
12548
12566
12570
12594
12648
12663
12672
12675
12722
12729
12739
12756
12757
12758
12774
12796
12852
12855
12935
12953
12959
13059
13064
13076
13081
13096
13107
13130
13151
13160
13173
13195
13202
13213
13216
13232
13250
13252
13298
13316
13354
13355
13378
13395
13538
13547
13589
13672
13677
13708
13747
13759
13763
13769
13776
13825
13864
13866
13872
13873
13875
13921
13926
13934
13957
14037
14083
14100
14111
14230
14250
14287
14311
14324
14327
14369
14429
14440
14457
14476
14508
14544
14554
14575
14640
14670
14720
14735
14780
14800
14850
14855
14859
14868
14869
14870
14881
14884
14909
14954
14978
15013
15027
15036
15053
15071
15074
15143
15146
15216
15246
15251
15257
15261
15289
15332
15334
15337
15344
15356
15373
15418
15462
15469
15474
15521
15558
15566
15570
15576
15579
15609
15645
15655
15663
15671
15676
15679
15764
15765
15790
15792
15800
15815
15881
15923
16010
16014
16024
16055
16137
16147
16149
16171
16181
16259
16356
16357
16388
16394
16403
16407
16416
16426
16530
16568
16600
16603
16611
16617
16623
16694
16710
16747
16748
16751
16767
16854
16872
16906
16911
16917
16931
16940
16947
16952
17010
17027
17047
17059
17062
17097
17099
17109
17120
17126
17136
17147
17166
17186
17196
17202
17215
17232
17235
17340
17343
17347
17388
17404
17413
17423
17424
17430
17548
17560
17593
17610
17628
17642
17668
17674
17696
17704
17720
17730
17746
17768
17775
17808
17847
17891
17908
17921
17925
17993
18058
18070
18074
18085
18112
18122
18255
18305
18308
18331
18334
18462
18506
18526
18568
18603
18609
18632
18665
18696
18712
18720
18744
18747
18755
18763
18779
18782
18811
18813
18818
18833
18852
18856
18862
18933
18950
18951
18967
18969
18977
18992
19023
19024
19029
19052
19089
19126
19137
19147
19178
19192
19228
19230
19263
19311
19323
19359
19382
19390
19411
19413
19431
19444
19480
19492
19497
19499
19506
19559
19631
19645
19721
19755
19792
19799
19836
19840
19849
19857
19870
19895
19911
19959
19966
19983
19986
20018
20040
20060
20061
20108
20177
20196
20205
20282
20283
20305
20307
20314
20328
20346
20373
20405
20424
20439
20453
20457
20496
20502
20503
20505
20525
20540
20557
20561
20587
20595
20660
20666
20723
20734
20795
20808
20846
20854
20865
20891
20933
20954
20966
20974
20995
21006
21019
21024
21030
21039
21081
21082
21099
21127
21136
21169
21173
21177
21191
21194
21209
21242
21256
21258
21262
21278
21306
21382
21412
21415
21443
21452
21491
21567
21585
21590
21609
21634
21647
21659
21675
21692
21743
21811
21828
21836
21841
21843
21852
21893
21896
21930
21970
21988
21998
22030
22085
22098
22149
22206
22219
22224
22241
22243
22251
22278
22282
22296
22317
22320
22335
22346
22369
22378
22383
22385
22406
22424
22430
22441
22454
22456
22520
22560
22598
22602
22649
22655
22675
22684
22686
22710
22741
22744
22752
22756
22767
22770
22804
22828
22880
22892
22910
22916
22941
22950
22951
22954
22963
22966
23033
23035
23068
23103
23131
23157
23160
23179
23204
23224
23227
23282
23308
23320
23377
23378
23388
23396
23412
23425
23436
23463
23467
23469
23471
23490
23520
23621
23630
23639
23640
23650
23670
23684
23697
23751
23755
23762
23796
23801
23815
23829
23831
23833
23849
23852
23855
23886
23893
23923
23996
24032
24043
24087
24093
24106
24140
24143
24151
24158
24194
24212
24297
24312
24319
24331
24350
24368
24382
24446
24453
24508
24532
24536
24577
24580
24586
24592
24593
24624
24641
24648
24654
24667
24708
24721
24725
24754
24770
24811
24830
24887
24898
24910
24978
25064
25088
25164
25171
25173
25188
25219
25222
25232
25233
25240
25276
25279
25281
25409
25426
25446
25470
25485
25492
25501
25512
25521
25542
25544
25552
25567
25568
25601
25650
25661
25662
25709
25713
25717
25765
25793
25844
25852
25882
25931
25939
25957
25991
26010
26022
26068
26070
26091
26111
26117
26126
26151
26167
26212
26230
26232
26255
26263
26273
26280
26287
26295
26316
26322
26344
26354
26389
26413
26458
26473
26487
26550
26567
26591
26605
26616
26629
26741
26758
26763
26764
26813
26847
26884
26937
26974
26984
26985
27011
27013
27019
27033
27045
27083
27124
27169
27173
27191
27194
27246
27298
27324
27346
27367
27376
27378
27416
27498
27503
27509
27512
27531
27561
27585
27586
27588
27609
27619
27626
27642
27643
27663
27688
27692
27710
27711
27715
27736
27737
27747
27813
27830
27835
27864
27884
27897
27919
27935
27940
27954
27963
27995
28071
28076
28098
28100
28105
28148
28152
28208
28228
28233
28259
28267
28269
28281
28290
28388
28430
28431
28438
28459
28542
28582
28642
28646
28685
28697
28744
28772
28789
28842
28845
28910
28922
28939
28969
28977
29006
29029
29049
29053
29060
29088
29099
29123
29124
29134
29156
29190
29229
29237
29238
29284
29312
29320
29341
29383
29422
29453
29458
29499
29517
29539
29571
29603
29654
29697
29714
29740
29785
29788
29809
29843
29874
29886
29895
29926
29938
29947
29958
29967
29983
30000
30012
30015
30027
30037
30070
30112
30122
30128
30129
30189
30199
30214
30218
30231
30238
30248
30310
30323
30333
30337
30365
30373
30383
30384
30416
30459
30503
30508
30522
30564
30575
30577
30579
30586
30612
30616
30625
30633
30680
30695
30730
30741
30749
30829
30848
30884
30900
30937
30951
30964
31026
31039
31098
31107
31110
31126
31195
31206
31211
31239
31260
31268
31319
31338
31360
31364
31380
31395
31411
31413
31421
31443
31487
31492
31508
31535
31578
31584
31593
31603
31640
31646
31650
31652
31690
31704
31722
31736
31764
31787
31813
31816
31822
31834
31899
31936
32008
32094
32108
32109
32127
32136
32144
32203
32240
32264
32266
32281
32324
32346
32371
32384
32391
32397
32405
32415
32419
32428
32459
32465
32539
32613
32645
32673
32679
32683
32705
32712
32713
32736
32742
32764
32770
32797
32802
32808
32811
32862
32914
32923
32933
32953
32991
33026
33032
33037
33077
33084
33167
33195
33198
33214
33232
33243
33288
33341
33387
33397
33419
33465
33473
33510
33512
33540
33561
33566
33595
33597
33599
33618
33628
33630
33653
33673
33733
33783
33814
33819
33830
33843
33861
33864
33896
33901
33932
33938
33962
33996
34096
34104
34118
34135
34183
34203
34207
34286
34291
34294
34308
34318
34327
34353
34366
34385
34441
34445
34470
34524
34550
34559
34583
34629
34713
34718
34727
34764
34765
34831
34851
34925
34929
34934
34937
35017
35094
35100
35116
35122
35134
35146
35147
35149
35150
35152
35197
35231
35300
35303
35365
35367
35372
35376
35396
35398
35412
35443
35513
35519
35533
35546
35567
35596
35608
35613
35618
35643
35654
35696
35717
35724
35786
35824
35859
35869
35876
35914
35924
35929
35942
35983
35988
35995
36002
36007
36015
36043
36052
36061
36068
36163
36165
36174
36182
36185
36207
36258
36263
36269
36276
36291
36300
36315
36319
36331
36332
36366
36382
36396
36404
36420
36441
36442
36448
36458
36506
36536
36539
36569
36581
36618
36625
36655
36659
36664
36670
36671
36686
36688
36716
36732
36733
36750
36800
36812
36821
36841
36895
36903
36924
36961
36964
37016
37034
37064
37083
37085
37090
37091
37162
37171
37177
37195
37200
37218
37243
37306
37370
37375
37377
37383
37392
37398
37408
37436
37440
37442
37490
37495
37502
37515
37524
37545
37568
37582
37594
37635
37647
37650
37653
37659
37695
37730
37735
37743
37766
37780
37839
37843
37855
37882
37897
37916
37936
37937
37981
38009
38046
38071
38084
38090
38106
38113
38133
38135
38179
38212
38222
38232
38266
38267
38274
38297
38307
38355
38370
38378
38381
38385
38413
38415
38417
38419
38483
38486
38506
38519
38551
38571
38582
38598
38629
38635
38674
38688
38696
38711
38715
38718
38800
38826
38880
38885
38913
38914
38947
38972
38973
38978
38982
39022
39033
39045
39049
39093
39098
39124
39136
39147
39172
39183
39218
39223
39224
39274
39287
39289
39311
39321
39339
39354
39358
39415
39428
39446
39453
39475
39498
39517
39540
39551
39567
39569
39582
39640
39646
39687
39728
39731
39769
39782
39791
39819
39845
39851
39854
39859
39863
39892
39894
39918
39935
39998
40024
40038
40060
40063
40064
40105
40124
40148
40149
40189
40199
40204
40211
40220
40232
40268
40311
40350
40361
40371
40390
40401
40425
40440
40446
40472
40495
40565
40584
40611
40641
40661
40676
40682
40695
40704
40727
40748
40753
40760
40763
40781
40811
40816
40825
40833
40843
40874
40901
40905
40932
40943
40960
41002
41023
41046
41054
41067
41158
41203
41210
41213
41218
41232
41233
41236
41280
41300
41363
41394
41442
41474
41475
41492
41537
41568
41577
41585
41602
41613
41645
41659
41698
41699
41700
41713
41723
41736
41775
41787
41810
41818
41831
41855
41856
41866
41872
41879
41892
41898
41931
41934
41948
42007
42070
42082
42085
42142
42167
42209
42210
42214
42216
42230
42254
42285
42295
42296
42368
42389
42433
42442
42454
42476
42502
42531
42534
42547
42551
42636
42679
42705
42740
42829
42842
42873
42927
42930
42931
42983
43074
43077
43131
43176
43196
43229
43239
43245
43273
43297
43308
43314
43319
43339
43505
43540
43543
43595
43599
43645
43705
43791
43803
43846
43874
43911
43915
43930
43935
43954
43958
44019
44022
44027
44053
44073
44108
44116
44147
44174
44185
44213
44229
44232
44247
44254
44256
44280
44329
44339
44341
44372
44410
44411
44479
44497
44543
44585
44592
44598
44645
44698
44704
44779
44799
44834
44870
44890
45018
45066
45090
45105
45199
45243
45268
45282
45285
45299
45321
45370
45410
45462
45469
45481
45520
45525
45526
45546
45560
45600
45626
45649
45656
45658
45666
45676
45687
45690
45706
45724
45746
45769
45781
45818
45881
45897
45923
45931
45938
45944
46014
46030
46039
46051
46054
46065
46076
46089
46115
46140
46169
46195
46225
46235
46249
46279
46288
46297
46319
46325
46369
46417
46419
46422
46430
46467
46497
46524
46535
46545
46567
46585
46614
46618
46619
46628
46629
46686
46698
46719
46744
46820
46843
46848
46899
46932
46935
46981
47052
47054
47081
47113
47118
47159
47221
47240
47284
47294
47296
47313
47345
47379
47410
47455
47460
47475
47477
47485
47498
47545
47547
47645
47660
47664
47672
47688
47690
47696
47727
47746
47805
47809
47820
47855
47864
47882
47893
47910
47932
47959
47989
47999
48033
48039
48044
48054
48086
48089
48107
48109
48130
48132
48136
48155
48177
48178
48183
48214
48245
48248
48259
48268
48316
48320
48352
48381
48400
48418
48460
48473
48482
48553
48566
48578
48579
48616
48630
48661
48662
48667
48677
48711
48726
48743
48764
48787
48809
48811
48830
48833
48843
48850
48883
48905
48917
48922
48935
49031
49033
49050
49054
49144
49151
49170
49176
49340
49342
49346
49386
49415
49423
49455
49526
49530
49563
49585
49587
49592
49598
49605
49629
49637
49639
49700
49735
49796
49805
49813
49829
49835
49841
49880
49905
49921
49928
49930
49955
49965
49967
