31
59
141
145
159
173
207
577
622
640
641
744
754
755
799
876
891
925
1070
1173
1204
1527
1697
1878
1924
2172
2214
2235
2300
2340
2439
2521
2556
2560
2709
2748
2927
2934
2951
3021
3092
3174
3315
3399
3457
3512
3732
3791
3809
3875
3889
4005
4189
4220
4310
4330
4442
4521
4901
4905
4957
5082
5143
5180
5262
5388
5447
5460
5498
5516
5586
5631
5643
5818
5913
6075
6159
6394
6596
6623
6663
6691
6698
6740
6839
6888
6915
6971
6999
7041
7126
7207
7505
7591
7616
7630
7661
7709
7724
7731
7734
7759
7919
7941
8002
8023
8077
8083
8179
8235
8330
8347
8430
8623
8839
8924
9081
9306
9392
9397
9454
9498
9513
9594
9632
9748
9895
9980
10068
10252
10297
10502
10626
10663
10709
10742
10753
10770
10813
10902
10938
11086
11508
11581
11582
11611
11662
11748
11959
12286
12292
12402
12644
12655
12995
13152
13425
13710
13911
14091
14165
14241
14272
14402
14506
14523
14536
14590
14723
14759
14837
14866
14905
14912
14914
14980
15042
15106
15144
15242
15266
15321
15382
15410
15683
15759
15777
15937
16249
16298
16466
16478
16563
16605
16903
16920
17052
17115
17197
17309
17445
17723
17867
17876
18053
18106
18185
18244
18258
18270
18355
18361
18447
18485
18604
18626
18657
18667
18723
18736
18808
18822
18872
18888
18909
18921
19085
19428
19502
19508
19520
19677
19754
19773
19918
20099
20231
20278
20418
20490
20534
20570
20607
20679
20693
21027
21038
21050
21100
21134
21230
21381
21399
21479
21544
21753
21802
21826
21936
21949
21963
22072
22074
22080
22201
22322
22810
22857
23055
23121
23158
23195
23206
23243
23267
23345
23391
23437
23472
23615
23635
23714
23749
23775
23788
24055
24071
24275
24353
24371
24392
24423
24471
24505
24594
24601
24628
24735
24889
24999
25049
25331
25489
25550
25592
25596
25701
25756
25783
25835
25901
25980
25990
26099
26116
26139
26259
26382
26441
26501
26541
26721
26923
26928
26971
27121
27131
27141
27143
27276
27327
27341
27368
27523
27654
27698
27905
27947
28006
28011
28017
28305
28324
28441
28485
28522
28568
28599
28613
28698
28745
28755
28799
28851
29026
29258
29380
29428
29552
29701
29888
29945
30065
30086
30139
30321
30339
30607
30781
30789
30837
30862
30978
30991
31078
31135
31171
31240
31241
31350
31388
31576
31597
31607
31726
31758
31801
31851
31923
31998
32022
32082
32473
32546
32587
32738
32787
32867
32950
33244
33281
33316
33375
33377
33428
33528
33614
33624
33713
33714
33887
33966
34017
34028
34122
34347
34398
34415
34453
34488
34645
34653
34710
34753
34790
34815
34959
35030
35052
35074
35081
35137
35359
35385
35563
35735
35840
35893
35923
35955
36111
36184
36188
36251
36271
36292
36309
36387
36454
36552
36561
36585
36590
36738
36783
36932
36934
36978
36981
37101
37108
37154
37209
37217
37717
37864
37984
38033
38134
38181
38283
38299
38406
38467
38510
38663
38699
38823
38872
38921
39018
39055
39345
39378
39545
39594
39738
39789
39870
39898
40014
40018
40109
40195
40290
40292
40346
40375
40511
40595
40610
40666
40667
40717
40724
40844
40882
40902
40938
40994
41000
41064
41069
41246
41353
41371
41482
41631
41681
41805
41899
41917
41975
41990
42073
42212
42338
42411
42480
42481
42615
42698
42905
42941
42967
42992
43011
43121
43269
43331
43390
43501
43515
43524
43555
43562
43632
43684
43688
43737
43815
44146
44171
44429
44533
44614
44668
44729
44750
44804
44846
44907
45278
45316
45456
45523
45562
45608
45712
45794
45985
46064
46118
46153
46166
46174
46185
46208
46226
46374
46450
46507
46587
46602
46831
46987
47213
47268
47337
47392
47404
47434
47452
47497
47616
47699
47729
47738
47794
47803
47811
47934
48047
48185
48263
48367
48492
48584
48585
48730
48741
48773
49016
49108
49147
49204
49224
49246
49251
49374
49449
49458
49488
49583
49584
49663
49674
49743
49937
50123
50160
50191
50315
50425
50535
50587
50616
50656
50892
50915
51009
51214
51244
51266
51328
51460
51561
51868
51871
51875
51906
52014
52045
52163
52210
52264
52344
52452
52510
52542
52684
52771
52810
52935
52986
53077
53085
53137
53158
53235
53247
53286
53335
53593
53607
53621
53635
53675
54000
54013
54423
54462
54586
54603
54750
54760
54764
54771
54954
55114
55119
55176
55180
55194
55403
55532
55676
55786
56063
56169
56232
56248
56260
56262
56281
56376
56564
56727
57082
57098
57122
57151
57153
57173
57528
57529
57667
57691
57722
57767
57827
57842
57859
58105
58142
58225
58572
58741
58756
58794
58983
58987
59004
59084
59093
59173
59262
59492
59585
59598
60100
60165
60273
60277
60396
60408
60422
60434
60462
60470
60504
60572
60604
60772
60864
60921
61029
61049
61185
61270
61348
61453
61502
61532
61537
61549
61587
61640
61672
61708
61845
61990
62177
62231
62247
62314
62347
62490
62504
62508
62538
62679
62694
62860
62866
62876
63148
63151
63221
63292
63541
63618
63621
63622
63674
63683
63836
64127
64133
64338
64348
64387
64406
64411
64414
64423
64428
64476
64480
64504
64639
64668
64669
64672
64736
64779
64797
64798
64848
64852
64868
64988
64994
64997
65062
65079
65116
65295
65430
65432
65470
65754
66130
66155
66313
66394
66397
66426
66534
66582
66665
66683
66903
66940
67085
67213
67220
67303
67311
67319
67320
67398
67465
67501
67609
67612
67926
68060
68303
68407
68434
68933
68935
68963
69133
69141
69391
69412
69477
69490
69511
69577
69710
69799
69800
70114
70117
70169
70225
70285
70580
70632
70693
70695
70713
70738
70940
71079
71129
71157
71349
71402
71494
71561
71742
71766
71806
72074
72132
72143
72276
72304
72345
72435
72570
72593
72611
73151
73285
73303
73355
73399
73734
73755
73890
74092
74119
74135
74161
74280
74391
74407
74492
74604
74756
74883
75013
75042
75095
75223
75329
75416
75432
75455
75534
75552
75567
75672
75725
75793
76009
76058
76066
76157
76187
76206
76229
76258
76267
76301
76318
76345
76461
76580
76592
76616
76670
76676
76692
77052
77110
77123
77221
77467
77631
77650
77749
77826
77942
78091
78130
78145
78263
78440
78446
78714
78832
78862
78957
79008
79089
79140
79144
79174
79284
79340
79390
79745
79838
79961
79967
80138
80431
80507
80517
80618
80648
80650
80713
80721
80767
80825
80940
80962
81031
81163
81199
81255
81454
81459
81550
81576
81617
81624
81645
81893
81984
82040
82056
82064
82080
82113
82318
82439
82564
82570
82601
82683
82747
82757
82771
82833
83034
83137
83294
83327
83554
83637
83687
83708
83759
84052
84134
84274
84289
84325
84440
84598
84616
84722
84765
84855
84886
84894
84979
85034
85203
85239
85276
85403
85447
85545
85571
85637
85747
85914
86015
86145
86282
86297
86314
86323
86449
86550
86649
86719
86774
86840
86870
86928
86951
86974
87055
87244
87285
87451
87492
87540
87542
87545
87838
87850
87991
88073
88152
88228
88279
88333
88395
88682
88841
88855
89036
89072
89367
89466
89483
89484
89746
89949
90037
90041
90152
90203
90214
90217
90390
90394
90574
90704
90767
90777
90794
90952
91049
91085
91111
91132
91175
91293
91317
91524
91594
91689
91874
91934
92025
92070
92181
92260
92300
92357
92440
92536
92540
92559
92560
92661
92679
92798
92843
92928
92964
92986
93022
93167
93224
93488
93573
93599
93688
93725
93751
93927
93971
94198
94225
94246
94284
94321
94396
94447
94472
94476
94483
94486
94580
94634
94642
94719
94806
95050
95238
95298
95408
95417
95420
95509
95575
95635
95918
95926
95975
96180
96292
96347
96434
96493
96567
96704
96763
96809
96944
97110
97204
97292
97402
97553
97574
97796
97987
98020
98210
98238
98308
98524
98548
98669
98740
98756
98815
98825
98924
98927
98973
98977
99318
99358
99424
99431
99450
99580
99583
99685
99732
99733
99750
99833
99915
99982
100010
100221
100601
100663
100766
100797
100816
101159
101240
101303
101375
101402
101502
101540
101707
101713
101772
101800
101892
101898
101922
101941
101954
101960
102019
102073
102153
102304
102338
102380
102394
102400
102409
102411
102424
102427
102499
102502
102700
102720
102745
102756
102763
102939
103190
103201
103307
103352
103396
103488
103516
103589
103591
103729
103865
103933
103964
104061
104340
104585
104653
104661
104739
105038
105053
105079
105134
105270
105367
105442
105454
105537
105573
105670
105915
106064
106167
106227
106309
106430
106442
106581
106714
106755
106779
106856
106897
106984
107033
107177
107234
107329
107434
107602
107709
108092
108095
108192
108205
108219
108248
108370
108464
108638
108649
108674
108729
108751
108820
108927
109029
109054
109112
109217
109408
109479
109543
109567
109720
109742
109763
109771
109814
109852
109972
110136
110218
110239
110373
110591
110707
110758
110879
110900
110910
110948
110951
110989
111041
111076
111120
111137
111224
111237
111304
111305
111459
111534
111553
111570
111606
111737
111849
112059
112110
112134
112200
112217
112519
112778
112867
112878
112927
112952
112955
113111
113189
113263
113345
113346
113399
113415
113435
113557
113629
113631
113666
113669
113677
113792
114019
114143
114202
114477
114530
114660
114794
114800
114917
114918
115026
115076
115140
115323
115339
115449
115911
115964
116006
116060
116092
116436
116665
116670
116694
116744
116762
116841
117079
117184
117348
117355
117597
117637
117638
117721
117850
117933
117964
118066
118081
118087
118186
118280
118322
118341
118592
118820
119084
119150
119217
119359
119453
119497
119560
119672
119947
119951
119999
120093
120103
120132
120233
120258
120299
120301
120302
120350
120379
120413
120426
120666
120782
120827
120831
120837
120847
120930
120945
120959
121086
121223
121239
121364
121381
121665
121690
121832
121945
122037
122240
122244
122279
122287
122361
122422
122451
122540
122615
122648
122781
122806
122810
122886
123013
123071
123075
123273
123494
123528
123610
123655
123756
123759
123944
123977
124011
124180
124266
124332
124452
124480
124780
124829
125083
125157
125238
125290
125346
125580
125609
125640
125830
126142
126194
126235
126259
126298
126333
126444
126574
126733
126828
126866
126868
126895
127059
127095
127098
127176
127223
127388
127442
127479
127678
127831
127904
127937
128056
128094
128096
128148
128151
128382
128522
128622
128644
128667
128750
128795
128970
129017
129137
129144
129480
129507
129517
129544
129549
129565
129623
129673
129690
129747
129806
129816
130005
130027
130263
130550
130607
130636
130782
130857
131053
131193
131232
131338
131340
131400
131416
131450
131493
131547
131689
131747
131768
131939
132034
132095
132167
132600
132674
132676
132685
132744
132789
132854
132859
132939
133054
133161
133210
133248
133251
133347
133372
133535
133608
133626
133636
133769
133814
133891
133943
133953
133956
133975
134092
134141
134297
134360
134446
134608
134652
134931
134940
135033
135064
135075
135193
135222
135573
135702
135800
135884
136020
136079
136153
136188
136275
136407
136483
136532
136667
136711
137045
137050
137145
137156
137187
137274
137579
137645
137698
137745
137938
138025
138113
138215
138320
138321
138365
138503
138537
138635
138661
138743
138754
138863
138911
139243
139417
139486
139629
139662
139719
139724
139750
139883
139891
139893
139916
139945
140012
140061
140084
140097
140107
140249
140261
140405
140496
140762
140824
140925
141007
141117
141254
141374
141479
141533
141685
141767
141814
142040
142043
142104
142249
142514
142545
142865
143138
143162
143339
143459
143519
143540
143566
143578
143662
143687
143735
143752
144033
144056
144084
144117
144139
144257
144262
144282
144343
144349
144419
144518
144561
144587
144602
144694
144783
144873
144888
144898
144917
144942
145023
145145
145312
145512
145687
145741
145767
145802
145982
146041
146149
146285
146311
146350
146370
146380
146420
146498
146530
147019
147105
147113
147186
147243
147300
147332
147448
147462
147633
147637
147694
147791
147835
147962
148034
