310
381
681
718
759
860
890
912
1157
1380
1432
1478
1616
1648
1756
1820
1835
1866
1965
1984
2018
2020
2034
2074
2287
2371
2374
2388
2431
2451
2494
2631
2654
2671
2745
2857
2871
2906
3020
3154
3243
3314
3341
3356
3557
3648
3653
3757
3849
3862
4018
4049
4078
4158
4269
4350
4368
4426
4653
4664
4802
4958
4994
5230
5483
5577
5791
5792
5884
5932
5944
5974
6081
6252
6306
6353
6373
6550
6562
6653
6680
6684
6862
6867
6883
6887
6889
6926
6929
6952
6985
7022
7180
7194
7226
7429
7430
7542
7620
7623
7696
7750
7794
7800
7819
7886
8086
8165
8243
8329
8520
8580
8584
8633
8654
8764
8773
8896
9140
9289
9349
9389
9573
9600
9657
9762
9875
10018
10041
10080
10101
10185
10237
10247
10294
10430
10452
10491
10809
10915
10921
11025
11078
11112
11285
11312
11434
11469
11501
11594
11650
11917
11921
11958
11967
12077
12100
12380
12406
12438
12526
12553
12645
12746
12751
12844
12951
13113
13584
13629
13663
13690
13741
13889
14019
14089
14136
14512
14540
14565
14627
14657
14663
14678
14794
14820
14849
14928
15180
15256
15317
15386
15509
15515
15537
15540
15642
15689
15742
15825
15896
16026
16064
16252
16305
16382
16404
16492
16610
16631
16750
17040
17139
17160
17203
17219
17264
17323
17416
17599
17677
17695
17787
17875
17900
18027
18061
18207
18277
18339
18373
18505
18580
18615
18727
18746
18829
18931
18956
18999
19059
19105
19120
19166
19232
19255
19406
19415
19574
19697
19910
19934
19972
20035
20079
20084
20139
20227
20260
20272
20274
20285
20311
20345
20471
20492
20493
20546
20584
20610
20630
20842
21048
21092
21254
21257
21260
21402
21417
21429
21532
21641
21702
21771
21902
22097
22100
22113
22155
22341
22382
22603
22604
22721
22764
22801
22868
22879
22881
23011
23205
23237
23290
23314
23346
23371
23385
23488
23493
23512
23568
23824
23846
23883
24088
24235
24303
24370
24492
24495
24561
24682
24716
24795
24833
24858
24872
24879
24895
24929
24962
25007
25033
25326
25344
25365
25570
25649
25677
25727
25913
25920
25930
26007
26202
26248
26276
26452
26461
26553
26646
26804
26831
26914
26993
26999
27092
27244
27381
27428
27441
27611
27675
27684
27709
27743
28089
28244
28263
28345
28411
28552
28589
28675
28769
28849
28869
28990
29004
29144
29163
29178
29326
29410
29438
29625
29660
29684
29957
29962
30277
30297
30331
30475
30492
30496
30547
30610
30758
30823
30968
30994
31003
31019
31216
31387
31409
31480
31533
31601
31751
31767
31986
32298
32550
32753
32759
32783
32901
32948
32966
32968
33004
33053
33057
33212
33274
33450
33593
33621
33685
33846
33925
33954
34084
34179
34334
34418
34452
34455
34463
34507
34551
34666
34845
34867
34890
34896
34958
34971
34973
35001
35011
35044
35458
35496
35620
35632
35749
35754
35845
35857
35925
36065
36090
36295
36401
36426
36495
36565
36675
36720
36784
36874
36940
37109
37437
37622
37652
37732
37808
37940
37943
37979
38194
38281
38313
38327
38434
38518
38640
38712
38733
38734
38781
38815
38831
39101
39164
39192
39478
39519
39577
39639
39683
39694
39975
40215
40231
40273
40490
40587
40714
40719
40838
40845
40941
40962
40970
41028
41063
41084
41139
41230
41374
41499
41516
41530
41575
41641
41648
41791
41918
41937
41960
42094
42293
42321
42510
42543
42609
42632
42638
42689
42787
42796
42939
42972
43060
43113
43312
43400
43414
43474
43576
43641
43827
43927
43979
44070
44119
44169
44300
44484
44670
44690
44694
44720
44725
44793
44803
44842
44860
44864
44938
45133
45333
45359
45612
45634
45674
45707
45833
45899
46136
46468
46651
46676
46738
46770
46855
46894
46928
46973
47040
47053
47106
47114
47157
47257
47602
47644
47679
47715
47778
47791
47847
47943
47978
48034
48067
48104
48198
48321
48343
48398
48462
48592
48601
48785
49014
49061
49213
49256
49302
49492
49560
49604
49685
49693
49718
49751
49825
49845
49987
50129
50225
50364
50399
50405
50467
50679
50978
51018
51183
51204
51371
51409
51422
51497
51526
51528
51730
51792
51908
51917
52007
52049
52229
52294
52453
52475
52490
52497
52508
52584
52619
52691
52769
52814
52998
53006
53409
53413
53658
53682
53738
53832
53834
53874
53949
53951
53990
54002
54108
54240
54264
54361
54371
54381
54421
54538
54617
54636
54666
54696
54697
54859
54970
55047
55183
55195
55328
55374
55547
55634
55892
56057
56099
56284
56433
56466
56562
56569
56571
56669
56789
56849
56856
56864
57162
57320
57351
57438
57475
57535
57658
57693
57713
57766
57942
58206
58248
58408
58410
58476
58518
58547
58563
58595
58662
58689
58690
58745
58828
58999
59032
59111
59145
59289
59516
59603
59664
59790
59801
59911
60122
60125
60196
60217
60285
60343
60346
60356
60543
60698
60725
60730
60883
60944
60971
61006
61022
61100
61159
61353
61402
61417
61451
61470
61547
61752
61899
61907
62012
62062
62200
62361
62485
62606
62923
63050
63087
63089
63302
63474
63488
63489
63604
63650
63677
63874
64010
64092
64131
64233
64282
64301
64354
64556
64604
64747
64815
64825
64860
64864
64922
64976
65033
65071
65123
65228
65278
65283
65310
65415
65455
65512
65555
65579
65622
65642
65736
65765
66089
66127
66193
66214
66265
66326
66346
66360
66429
66507
66659
66678
66776
66836
66937
66944
66967
67013
67035
67081
67117
67122
67248
67258
67353
67436
67503
67506
67572
67617
67721
67863
67942
67974
68007
68023
68046
68067
68095
68391
68615
68676
68677
68733
68776
68808
68833
68854
68866
69027
69146
69274
69276
69369
69422
69434
69537
69737
69791
69907
70159
70264
70329
70367
70382
70471
70804
70822
70935
70967
71006
71229
71271
71801
71831
72146
72217
72261
72450
72604
72654
72728
72740
72803
73033
73227
73340
73499
73682
73789
73859
74137
74193
74266
74321
74322
74553
74647
74926
74949
74995
74996
75008
75034
75097
75258
75403
75511
75694
75866
75876
75902
75904
76002
76117
76259
76597
76716
76945
76958
77008
77216
77232
77312
77352
77489
77491
77518
77553
77769
77939
78083
78122
78174
78302
78338
78347
78461
78845
78907
79036
79169
79264
79265
79270
79460
79522
79557
79582
79611
79640
79829
79908
79975
80281
80370
80428
80434
80437
80692
80860
80933
81035
81077
81114
81122
81128
81154
81168
81224
81234
81289
81315
81415
81561
81657
81670
81901
81937
81967
82017
82030
82038
82106
82239
82380
82420
82521
82600
82811
82865
83040
83290
83326
83696
83699
83740
83786
83876
83909
84070
84222
84227
84356
84395
84746
85001
85157
85236
85245
85492
85551
85663
85706
85902
85913
85959
86016
86116
86131
86159
86168
86218
86280
86335
86350
86520
86621
86631
86709
86852
86940
87354
87653
87748
87793
87895
87913
88082
88249
88259
88266
88407
88475
88524
88531
88623
88624
88639
88809
88894
88914
88930
88972
89002
89012
89059
89135
89298
89317
89475
89559
89587
89907
90051
90081
90196
90272
90274
90297
90504
90520
90555
90672
90683
90779
90960
91030
91075
91331
91649
92006
92136
92292
92331
92365
92402
92418
92474
92545
92550
92621
92712
92769
92818
93030
93052
93107
93110
93194
93208
93286
93461
93492
93500
93539
93550
93576
93581
93601
93666
93807
93818
93827
93965
94161
94193
94195
94868
94875
94892
94897
94988
95057
95197
95227
95259
95320
95364
95410
95445
95462
95491
95616
95704
95720
95839
95856
95860
95924
95972
96123
96215
96600
96619
96747
96855
96899
96917
96934
96979
97027
97068
97174
97275
97518
97528
97604
97680
97770
97790
97970
97983
97989
98117
98149
98215
98246
98390
98453
98479
98517
98526
98597
98745
98769
98806
98859
98887
98925
98944
98953
98976
99001
99052
99098
99153
99269
99290
99348
99474
99504
99541
99687
99693
99747
99751
99842
99896
99999
100011
100067
100079
100098
100108
100148
100177
100198
100515
100534
100585
100641
100824
100833
100908
100912
101117
101241
101319
101512
101550
101687
101733
101750
101831
101889
101955
101966
102137
102181
102271
102405
102481
102534
102554
102716
102798
102835
102927
103130
103139
103167
103230
103394
103436
103471
103472
103534
103562
103573
103628
103649
103721
103847
103948
103987
104030
104406
104407
104442
104698
104817
104990
105030
105066
105084
105142
105225
105346
105373
105394
105472
105572
105580
105625
105649
105674
105828
105833
105964
105988
106128
106160
106255
106449
106588
106656
106770
106822
106871
106961
107087
107124
107135
107341
107355
107512
107765
107792
107851
108001
108049
108094
108103
108115
108133
108156
108360
108423
108541
108652
108964
109007
109037
109192
109208
109214
109343
109422
109428
109443
109519
109581
109614
109616
109683
109696
109718
109749
109770
109879
109913
109952
109983
109990
110089
110189
110258
110604
110619
110737
110858
111054
111256
111294
111371
111551
111569
111610
111652
111656
111675
111782
111915
111984
112007
112070
112111
112190
112294
112367
112496
112499
112501
112503
112535
112585
112781
113151
113253
113256
113537
113583
113654
113674
114077
114087
114234
114329
114331
114406
114426
114498
114625
114799
114875
115036
115056
115103
115114
115175
115192
115220
115370
115378
115381
115452
115501
115758
115789
115798
115890
115926
115963
116131
116195
116213
116258
116319
116401
116452
116545
116608
116620
116705
117137
117152
117245
117365
117775
117813
117887
117900
118015
118090
118143
118158
118159
118384
118647
118698
118770
119128
119197
119232
119243
119258
119303
119310
119327
119366
119418
119451
119492
119605
119663
119725
120026
120068
120117
120137
120230
120237
120256
120283
120325
120371
120471
120474
120527
120671
120818
120833
120841
120854
120877
120891
120920
120981
121138
121177
121179
121200
121229
121265
121315
121383
121418
121426
121459
121587
121610
121627
121640
121644
121763
121812
121932
121946
121949
121998
122111
122171
122266
122367
122390
122520
122526
122683
122749
122755
122773
123014
123054
123339
123397
123477
123501
123590
123592
123605
123647
123722
123890
123916
123945
123953
124107
124116
124149
124250
124369
124473
124490
124823
124834
124920
124952
125012
125060
125080
125087
125141
125195
125196
125235
125340
125413
125584
125704
125707
125779
125804
125940
125977
126061
126109
126202
126292
126301
126384
126386
126388
126394
126432
126533
126619
126655
126803
126985
127054
127163
127181
127385
127579
127845
128039
128200
128227
128295
128353
128398
128847
128861
128900
128910
128919
129061
129196
129229
129245
129256
129330
129367
129457
129469
129569
129603
129611
129663
129730
129834
129864
129916
129917
129934
129979
130061
130290
130360
130411
130571
130584
130634
130754
131038
131077
131131
131150
131171
131195
131240
131307
131446
131511
131677
131739
131892
131897
131938
132146
132147
132263
132373
132387
132498
132512
132828
132829
132888
133020
133061
133078
133192
133218
133430
133476
133517
133553
133639
133658
133744
133922
133970
134014
134051
134121
134170
134201
134269
134311
134494
134626
134662
134694
134722
134774
134950
135083
135186
135187
135277
135368
135412
135426
135465
135540
135688
135712
135792
135814
135835
136014
136041
136356
136516
136771
136787
137103
137112
137166
137264
137301
137350
137416
137432
137452
137489
137616
137722
137777
137788
137868
137935
138092
138101
138145
138169
138369
138394
138799
138832
138944
138983
138988
139064
139091
139175
139316
139393
139674
139698
139709
140045
140104
140135
140168
140196
140284
140311
140452
140504
140593
140614
140661
140823
140859
140917
140950
141161
141165
141227
141407
141467
141483
141521
141721
141789
141904
142016
142069
142173
142245
142341
142441
142515
142531
142540
142544
142651
142665
142826
142847
142876
142879
143006
143131
143402
143681
143708
143739
143807
143851
143941
143969
144209
144210
144312
144402
144548
144582
144608
144623
144683
144684
144708
144740
144948
144969
145025
145061
145083
145465
145736
145807
145837
146051
146110
146256
146312
146422
146426
146800
146933
146937
147071
147111
147443
147467
147474
147476
147594
147639
147683
147731
147765
148059
